30 0.82 227.09 270.7 sherd_1 19.59 47.38
30 0.73 310.79 268.72 sherd_2 25.23 51.86
30 0.32 141.41 276.87 sherd_3 40.09 49.34
35 0.45 72.47 212.11 sherd_4 49.6 27.48
30 0.18 163.22 205.95 sherd_5 38.45 44.86
8 0.25 109.69 207.49 sherd_6 59.85 34.22
24 0.3 295.15 197.14 sherd_7 46.26 82.81
45 0.3 390.97 179.96 sherd_8 62.64 63.73
8 0.45 153.08 101.1 sherd_9 22.47 32.16
33 0.36 87.44 114.32 sherd_10 34.21 47.33
8 0.24 285.9 94.27 sherd_11 23.5 27.49
30 0.42 326.87 90.97 sherd_12 25.99 35.24
33 0.4 221.15 96.92 sherd_13 37.89 40.53
18 0.2 257.49 56.61 sherd_14 26.33 11.56
51 0.16 194.71 53.96 sherd_15 26.69 47.17
